-19.12
-19.12
-8.44
-8.44
-8.44
-11.47
-8.44
-8.44
-8.44
-103.25
-9.92
-29.2
-8.44
-8.44
-8.44
-8.44
-18.87
-8.44
-8.44
-8.44
-12.69
-1.78
-1.78
-68.77
-6.91
-1.78
-1.78
-1.78
-97.93
-77.01
-1.78
-28.93
-1.78
-1.78
-1.78
-1.78
-89.24
-1.78
-1.78
-3.58
-1.78
-1.78
-34.68
-1.78
-84.23
-1.78
-107.89
-1.78
-1.78
-104.75
-1.78
-77.58
-1.78
-1.78
-1.78
-108.36
-1.78
-8.55
-3.72
-106.9
-1.78
-15.19
-108.13
-43.95
-1.78
-104.44
-1.78
-1.78
-1.78
-106.19
-23.79
-1.78
-22.34
-1.78
-1.78
-1.78
-22.48
-1.78
-1.78
-7.27
-59.23
-1.78
-1.78
-1.78
-96.01
-1.78
-3.23
-30.37
-23.43
-14.11
-1.78
-1.78
-1.78
-19.37
-1.78
-27.25
-1.78
-1.78
-1.78
-30.17
-1.78
-1.78
-10.18
-14.96
-10.37
-1.78
-1.78
-4.94
-1.78
-16.4
-1.78
-46.8
-1.78
-1.78
-1.78
-43.64
-59.92
-26.12
-14.46
-102.7
-6.72
-76.67
-1.78
-2.68
-1.78
-1.78
-1.15
-1.15
-1.15
-1.15
-88.33
-106.37
-1.15
-40.91
-1.15
-24.78
-1.15
-28.27
-10.99
-22.31
-108.37
-20.63
-24.07
-1.15
-100.2
-108.13
-101.19
-1.15
-1.15
-102
-33.13
-108.21
-1.15
-103.66
-31.21
-26.56
-1.15
-1.15
-1.15
-100.73
-107.65
-1.15
-1.15
-101.03
-1.15
-27.58
-1.15
-27.19
-1.15
-1.15
-11.05
-1.15
-6.96
-1.15
-1.15
-1.15
-21.36
-39.13
-108.36
-1.15
-1.15
-1.15
-1.15
-1.15
-1.15
-20.44
-85.61
-1.15
-1.15
-57.15
-24.92
-27.58
-33.04
-1.15
-1.15
-1.15
-1.15
-7.23
-1.15
-1.15
-1.15
-104.43
-85.7
-1.15
-1.15
-24.3
-15.14
-11.24
-1.15
-1.15
-76.38
-1.15
-12.05
-14.3
-1.15
-1.15
-11.47
-28.88
-90.75
-97.98
-1.15
-1.15
-1.15
-1.15
-1.15
-32.21
-36.44
-5.93
-100.54
-4.8
-1.15
-1.15
-23.79
-1.15
-1.15
-1.15
-88.03
-16.2
-5.68
-1.15
-1.15
-99.75
-1.15
-63.45
-3.88
-106.68
-1.15
-1.15
-69.54
-1.15
-1.15
-1.15
-107.65
-73.38
-1.15
-29.48
-1.15
-24.16
-1.15
-27.88
-55.43
-84.45
-12.5
-25.47
-1.15
-105.94
-1.15
-71.39
-17.28
-108.13
-80.62
-48.58
-1.15
-1.15
-1.15
-23.58
-1.15
-1.15
-1.15
-89.57
-0.61
-10.09
-0.61
-0.61
-17.72
-108.6
-1.51
-0.61
-22.94
-0.61
-0.61
-0.61
-0.61
-0.61
-20.41
-86.63
-0.61
-13.96
-98.56
-28.12
-0.61
-76.47
-0.61
-0.61
-17.56
-0.61
-90.66
-0.61
-0.61
-0.61
-0.61
-0.61
-28.25
-17.66
-0.61
-108.13
-0.61
-17.16
-0.61
-91.23
-0.61
-0.61
-9.7
-0.61
-24.87
-13.14
-7.73
-4.81
-0.61
-106.7
-108.36
-17.1
-0.61
-0.61
-24.74
-2.15
-16.02
-0.61
-0.61
-0.61
-48.05
-30
-0.61
-0.61
-84.26
-108.13
-29.68
-9.57
-35.35
-6.49
-14.57
-0.61
-75.14
-30.69
-63.4
-22.55
-0.61
-0.61
-31.5
-0.61
-27.23
-6.7
-0.61
-0.61
-22.42
-45.93
-0.61
-15.7
-0.61
-54.07
-0.61
-0.61
-0.61
-33.38
-108.13
-0.61
-95.23
-0.61
-0.61
-0.61
-0.61
-0.61
-16.06
-18.17
-0.61
-0.61
-27.42
-7.34
-0.61
-100.92
-0.61
-28.34
-0.61
-7.9
-0.61
-0.61
-0.61
-47.61
-17.73
-0.61
-0.61
-0.61
-34.79
-0.61
-8.35
-58.86
-0.61
-0.61
-0.61
-107.89
-0.61
-0.61
-0.61
-49.85
-0.61
-22.2
-0.61
-8.9
-8.12
-0.61
-0.61
-23.32
-0.61
-53.94
-0.61
-104.69
-81.34
-0.61
-0.61
-0.61
-25.66
-94.77
-106.92
-0.61
-0.61
-18.55
-0.61
-0.61
-19.05
-54.86
-0.61
-104.29
-0.61
-23.44
-21.17
-0.61
-57.26
-85.99
-45.67
-0.61
-0.61
-0.61
-0.61
-0.61
-103.41
-0.61
-31.74
-0.61
-0.61
-15
-0.61
-0.61
-76
-21.62
-13.88
-0.61
-108.36
-0.61
-0.61
-0.61
-0.61
-0.61
-0.61
-8.62
-0.61
-3.47
-0.61
-22.25
-45.8
-0.61
-41.78
-0.61
-108.37
-12.04
-108.13
-107.18
-92.44
-60.49
-0.61
-0.61
-0.61
-7.7
-20.5
-19.89
-0.61
-76.86
-18.67
-0.61
-20.92
-28.97
-0.61
-2.33
-6.16
-95.34
-24.96
-17.92
-100.1
-0.61
-0.61
-0.61
-61.67
-88.56
-0.61
-26.88
-0.61
-0.61
-0.61
-57.43
-0.61
-0.61
-39.37
-40.05
-0.61
-0.61
-0.61
-0.61
-0.61
-0.61
-36.93
-0.61
-30.4
-0.61
-18.87
-108.13
-32.21
-0.61
-11.44
-84.91
-0.61
-27.38
-61.85
-0.61
-6.61
-0.61
-23.97
-30.75
-13.73
-77.41
-0.61
-0.61
-0.61
-0.61
-18.98
-0.61
-0.61
-12.99
-27.1
-0.61
-28.72
-25.51
-107.65
-43.7
-27.31
-0.61
-99.62
-0.61
-0.61
-9.21
-2.93
-0.61
-0.61
-62.17
-23.67
-33.04
-28.98
-0.61
-27.24
-41.41
-0.61
-0.61
-0.61
-52.38
-49.65
-0.61
-0.61
-97.44
-26.72
-0.61
-5.45
-0.61
-9.25
-39.37
-21.69
-8.88
-0.61
-0.61
-0.61
-21.37
-95.24
-0.61
-0.61
-28.32
-0.61
-12.44
-0.61
-0.61
-103.25
-10.94
-68.65
-0.61
-95.65
-27.04
-0.61
-0.61
-0.61
-30.1
-23.61
-21.07
-47.66
-0.61
-0.61
-108.6
-0.61
-0.61
-0.61
-11.89
-0.61
-20.46
-8.08
-19.29
-21.87
-0.61
-0.61
-97.77
-95.56
-31.41
-0.61
-0.61
-24.74
-8.06
-106.43
-0.61
-0.61
-0.61
-0.61
-0.61
-0.61
-0.61
-59.5
-0.61
-0.61
-0.61
-0.61
-0.61
-9.08
-0.61
-0.61
-0.61
-0.61
-0.61
-102.19
-23.24
-15.58
-0.61
-107.65
-32.1
-106.05
-29.51
-78.58
-0.61
-0.61
-0.61
-26.13
-0.61
-0.61
-29.94
-100.69
-0.61
-32.83
-82.41
-25.74
-0.61
-93.82
-0.61
-0.61
-0.61
-108.37
-21.51
-63.45
-0.61
-0.61
-107.89
-0.61
-23.87
-46.81
-98.95
-30.01
-25.81
-6.05
-0.61
-0.61
-0.61
-22.18
-12.49
-6.19
-76.99
6.54
6.54
-5.87
-3.36
6.54
6.54
6.54
-12.05
6.54
-27.67
-31.05
-25.42
-7.28
-24.39
6.54
-19.88
6.54
-8.69
-18.84
6.54
-5.73
-2.45
6.54
6.54
6.54
-25.45
6.54
-60.86
6.54
6.54
6.54
-24.42
-107.65
6.54
-20.98
6.54
-88.22
-10.71
6.54
6.54
6.54
-81.83
-9.98
-60.06
6.54
6.54
6.54
6.54
6.54
6.54
-19.49
-10.19
-58.76
6.54
-95.99
-108.47
6.54
6.54
6.54
6.54
-27.19
-88.93
-83.53
6.54
6.54
6.54
-85.45
6.54
6.54
6.54
-28.59
6.54
-13.63
6.54
-102.69
6.54
-72.62
-12.66
-105.47
-92.24
6.54
6.54
-98.68
6.54
6.54
-108.37
-14
-95.98
6.54
6.54
-7.34
6.54
6.54
6.54
6.54
-22.49
-103.77
-88.74
6.54
-86.8
6.54
6.54
-14.11
6.54
-25.32
6.54
-15.77
6.54
6.54
-25.05
-23.67
6.54
-107.89
6.54
-31.69
6.54
-37.88
6.54
-106.98
-28.97
-72.25
-26.77
-99.17
-104.65
6.54
6.54
-102.16
6.54
-39.13
6.54
6.54
-2.97
-19.69
6.54
-15.21
-105.76
6.54
6.54
6.54
6.54
-10.39
-23.43
-10.75
-38.66
-102.27
6.54
6.54
-22.33
-48.02
-24.34
6.54
-18.36
-33.15
-80.07
6.54
-20.96
-77.38
6.54
-26.5
6.54
-16.87
6.54
-53.09
6.54
-81.09
-98.95
6.54
-21.31
-14.25
-95.05
6.54
-76.96
-33.73
-28.24
-14.71
6.54
6.54
6.54
6.54
-106.65
-85.47
-26.7
-2.04
-29.34
-55.21
6.54
-68.56
6.54
-97.92
-95.49
-26.98
6.54
6.54
-87.06
-85.57
-75.64
6.54
-29.45
6.54
6.54
6.54
-107.65
-98.59
6.54
6.54
-97.04
6.54
-67.65
-41.97
6.54
6.54
-30.8
-7.14
6.54
-14.14
-106.15
6.54
6.54
6.54
-21.1
-107.61
-6.99
6.54
6.54
-47.6
-107.89
6.54
6.54
-60.47
6.54
-77.26
-76.66
6.54
-21.07
6.54
6.54
6.54
6.54
6.54
-37.81
6.54
-9.16
-61.75
6.54
-67.2
-103.37
-24.93
6.54
6.54
-47.7
6.54
-31.71
-102.18
-22.27
6.54
6.54
6.54
6.54
-13.88
6.54
-86.58
-15.83
-2.04
6.54
-20.31
6.54
-37.24
-54.81
-12.04
6.54
-53.86
6.54
-6.78
6.54
6.54
6.54
6.54
6.54
6.54
6.54
6.54
6.54
6.54
6.54
6.54
6.54
6.54
-107.41
-107.17
-6.11
-90.28
6.54
6.54
-20.52
-83.9
6.54
-26.02
-105.02
6.54
-13.18
6.54
-103.49
6.54
6.54
6.54
6.54
6.54
6.54
6.54
6.54
6.54
-67.61
-50.28
6.54
-87.13
-106.68
-84.61
6.54
6.54
-20.46
6.54
6.54
6.54
-11.7
6.54
-95.6
-11.53
6.54
6.54
-11.53
6.54
-16.55
6.54
6.54
-26.15
-5.46
-39.02
6.54
-4.41
6.54
6.54
-107.94
-15.12
6.54
6.54
-17.75
6.54
6.54
-11.82
-32.24
-87.1
6.54
-41.98
6.54
6.54
-108.13
-94.02
-98.87
6.54
6.54
-40.46
6.54
-36.37
6.54
6.54
6.54
6.54
-26.63
-24.18
-21.91
-9.2
-89.58
6.54
-102.79
-108.36
6.54
6.54
6.54
-99.14
6.54
6.54
-14.01
-101.17
6.54
6.54
-83.8
-18.97
6.54
6.54
-16.31
6.54
-24.12
6.54
6.54
-11.33
-1.53
-26.19
6.54
6.54
-7.45
-17.18
-87.12
6.54
6.54
-101.1
-71.54
6.54
6.54
-11.74
-61.88
-23.15
6.54
6.54
6.54
6.54
6.54
6.54
-108.13
6.54
6.54
6.54
6.54
6.54
6.54
-41.3
6.54
6.54
6.54
-27.89
-28.67
-16.29
-63.88
6.54
-29.43
-2.45
6.54
6.54
-21.45
-104.68
6.54
6.54
-8.76
-13.42
-13.18
27.29
27.29
-8.95
27.29
27.29
27.29
-9.32
-26.5
27.29
-4.24
-39
-28.15
-40.82
27.29
27.29
27.29
27.29
27.29
-12.93
27.29
27.29
27.29
27.29
27.29
-42.73
-104.3
-25.49
27.29
27.29
-90.05
27.29
5.95
27.29
-13.76
27.29
27.29
27.29
27.29
27.29
27.29
-34.63
27.29
-108.03
27.29
27.29
-26.4
-104.39
27.29
27.29
-31.81
27.29
27.29
27.29
27.29
-57.47
27.29
27.29
-19.29
27.29
-26.15
-3.6
-13.61
-100.61
27.29
27.29
-88.48
27.29
27.29
27.29
27.29
27.29
-40.27
-107.48
27.29
-76.55
-19.47
27.29
-85.25
-102.16
-22.88
-103.23
27.29
-17.27
-97.66
-75.56
-21.86
27.29
-30.4
27.29
27.29
27.29
-55.31
27.29
-103.16
27.29
27.29
-105.94
-75.15
-107.65
-32.47
-30.32
-25.43
-32.7
27.29
27.29
27.29
-14.29
-15.59
-4.35
-33.18
-108.13
-22.1
27.29
27.29
27.29
27.29
-10.3
-7.69
-27.86
27.29
27.29
-104.46
-14.62
27.29
27.29
27.29
-10.31
-103.77
27.29
-14.06
27.29
-97.43
27.29
27.29
-28.06
27.29
27.29
27.29
27.29
27.29
27.29
27.29
27.29
27.29
-41.14
27.29
-27.96
-83.95
-23.12
-19.16
-27.03
-72.22
-19.6
-108.13
27.29
-14.71
27.29
-25.79
27.29
-104.86
-14.32
27.29
-99.21
27.29
27.29
-18.69
27.29
-16.57
-7.93
27.29
27.29
27.29
-11.91
27.29
27.29
-30.15
-31.67
27.29
-35.2
-14.6
27.29
-3.18
27.29
27.29
